Model = 0
X = 0.000000
Y = 0.000000
Z = 0.000000
A = 0.000000
Boja1 = 0
Boja2 = 0
Vlasnik = 
ImaVlasnika = 0
ID = -1
Zakljucan = 0
Droga = 0
Mats = 0
Oruzije = 0
Municija = 0
Radio = 0
Tune[0] = 0
BrojReg = 0
DatumReg = 
Spawn = 1
Registracija = 0
TehnickiPregled = 0
Tune[16] = 1083
Tune[12] = 1087
Tune[2] = 1010
Tune[3] = 1170
Tune[4] = 1140
