Model = 562
X = 2149.516845
Y = -1198.732055
Z = 23.614700
A = 269.342010
Boja1 = 0
Boja2 = 0
Vlasnik = bunta
ImaVlasnika = 1
ID = 662
Zakljucan = 1
Droga = 0
Mats = 0
Oruzije = -1
Municija = 0
Radio = 0
Tune[0] = 0
BrojReg = 0
DatumReg = 
Spawn = 0
Registracija = 0
TehnickiPregled = 0
