Model = 589
X = 2485.594970
Y = -1497.631347
Z = 23.656368
A = 94.244529
Boja1 = 0
Boja2 = 0
Vlasnik = bunta
ImaVlasnika = 1
ID = 662
Zakljucan = 0
Droga = 0
Mats = 0
Oruzije = -1
Municija = 0
Radio = 0
Tune[0] = 0
BrojReg = 0
DatumReg = 
Spawn = 0
Registracija = 0
TehnickiPregled = 0
Tune[13] = 1086
Tune[16] = 1096
Tune[12] = 1087
Tune[2] = 1010
