[Informacije]
Index0 = 0
Model0 = 0
Bone0 = 0
FOffsetX0 = 0.000000
FOffsetY0 = 0.000000
FOffsetZ0 = 0.000000
FRotX0 = 0.000000
FRotY0 = 0.000000
FRotZ0 = 0.000000
FScaleX0 = 0.000000
FScaleY0 = 0.000000
FScaleZ0 = 0.000000
Status0 = 0
Index1 = 0
Model1 = 0
Bone1 = 0
FOffsetX1 = 0.000000
FOffsetY1 = 0.000000
FOffsetZ1 = 0.000000
FRotX1 = 0.000000
FRotY1 = 0.000000
FRotZ1 = 0.000000
FScaleX1 = 0.000000
FScaleY1 = 0.000000
FScaleZ1 = 0.000000
Status1 = 0
Index2 = 0
Model2 = 0
Bone2 = 0
FOffsetX2 = 0.000000
FOffsetY2 = 0.000000
FOffsetZ2 = 0.000000
FRotX2 = 0.000000
FRotY2 = 0.000000
FRotZ2 = 0.000000
FScaleX2 = 0.000000
FScaleY2 = 0.000000
FScaleZ2 = 0.000000
Status2 = 0
Index3 = 0
Model3 = 0
Bone3 = 0
FOffsetX3 = 0.000000
FOffsetY3 = 0.000000
FOffsetZ3 = 0.000000
FRotX3 = 0.000000
FRotY3 = 0.000000
FRotZ3 = 0.000000
FScaleX3 = 0.000000
FScaleY3 = 0.000000
FScaleZ3 = 0.000000
Status3 = 0
Index4 = 0
Model4 = 0
Bone4 = 0
FOffsetX4 = 0.000000
FOffsetY4 = 0.000000
FOffsetZ4 = 0.000000
FRotX4 = 0.000000
FRotY4 = 0.000000
FRotZ4 = 0.000000
FScaleX4 = 0.000000
FScaleY4 = 0.000000
FScaleZ4 = 0.000000
Status4 = 0
Index5 = 0
Model5 = 0
Bone5 = 0
FOffsetX5 = 0.000000
FOffsetY5 = 0.000000
FOffsetZ5 = 0.000000
FRotX5 = 0.000000
FRotY5 = 0.000000
FRotZ5 = 0.000000
FScaleX5 = 0.000000
FScaleY5 = 0.000000
FScaleZ5 = 0.000000
Status5 = 0
Index6 = 0
Model6 = 0
Bone6 = 0
FOffsetX6 = 0.000000
FOffsetY6 = 0.000000
FOffsetZ6 = 0.000000
FRotX6 = 0.000000
FRotY6 = 0.000000
FRotZ6 = 0.000000
FScaleX6 = 0.000000
FScaleY6 = 0.000000
FScaleZ6 = 0.000000
Status6 = 0
Index7 = 0
Model7 = 0
Bone7 = 0
FOffsetX7 = 0.000000
FOffsetY7 = 0.000000
FOffsetZ7 = 0.000000
FRotX7 = 0.000000
FRotY7 = 0.000000
FRotZ7 = 0.000000
FScaleX7 = 0.000000
FScaleY7 = 0.000000
FScaleZ7 = 0.000000
Status7 = 0
Index8 = 0
Model8 = 0
Bone8 = 0
FOffsetX8 = 0.000000
FOffsetY8 = 0.000000
FOffsetZ8 = 0.000000
FRotX8 = 0.000000
FRotY8 = 0.000000
FRotZ8 = 0.000000
FScaleX8 = 0.000000
FScaleY8 = 0.000000
FScaleZ8 = 0.000000
Status8 = 0
