Model = 0
X = 0.000000
Y = 0.000000
Z = 0.000000
Angle = 0.000000
Boja1 = 0
Boja2 = 0
Vlasnik = 
ImaVlasnika = 0
ID = -1
Zakljucan = 0
Cijena = 0
Spawn = 1
